{
  "JAX_167_021_RGB.png": {
    "K": [
      5394087.278831795,
      -36242.94054340574,
      87523.18151704072,
      0.0,
      0.0,
      4924843.442849206,
      2173563.9986319593,
      0.0,
      0.0,
      0.0,
      1.0,
      0.0,
      0.0,
      0.0,
      0.0,
      1.0
    ],
    "W2C": [
      0.846530982930019,
      -0.002261754357043594,
      0.5323346498273094,
      -36721.18581831917,
      -0.14272781451085176,
      -0.9643427333399208,
      0.2228718547045505,
      -851854.1698179259,
      0.5128489698775768,
      -0.264646891388731,
      -0.8166688171920058,
      1931052.298719434,
      0.0,
      0.0,
      0.0,
      1.0
    ],
    "img_size": [
      2048,
      2048
    ]
  },
  "JAX_167_020_RGB.png": {
    "K": [
      5422269.629512505,
      105157.12955429718,
      -254645.78576656376,
      0.0,
      0.0,
      5014193.381981781,
      2042471.191809962,
      0.0,
      0.0,
      0.0,
      1.0,
      0.0,
      0.0,
      0.0,
      0.0,
      1.0
    ],
    "W2C": [
      0.9182078947485625,
      0.0034917748591067332,
      0.3960834123385453,
      101871.75154130453,
      -0.1133026637534229,
      -0.9558631446592529,
      0.27108698801031167,
      -753639.2457450414,
      0.3795481107946549,
      -0.29379151824117966,
      -0.8772854583325493,
      1851102.5997240657,
      0.0,
      0.0,
      0.0,
      1.0
    ],
    "img_size": [
      2048,
      2048
    ]
  },
  "JAX_167_003_RGB.png": {
    "K": [
      4719664.538001797,
      -25067.146113458457,
      288390.89536151907,
      0.0,
      0.0,
      4706908.288458349,
      417602.0701640435,
      0.0,
      0.0,
      0.0,
      1.0,
      0.0,
      0.0,
      0.0,
      0.0,
      1.0
    ],
    "W2C": [
      0.9848208128226632,
      -0.01431863622060464,
      -0.17298249416658018,
      -94101.13758779057,
      -0.04112434728344314,
      -0.9874643178900026,
      -0.15239097399302257,
      -135738.74243286718,
      -0.1686320096892038,
      0.1571915950387085,
      -0.9730642567463708,
      1533860.5966201755,
      0.0,
      0.0,
      0.0,
      1.0
    ],
    "img_size": [
      2048,
      2048
    ]
  },
  "JAX_167_006_RGB.png": {
    "K": [
      4513970.646455174,
      82096.22156578573,
      281081.1368212225,
      0.0,
      0.0,
      4328070.646545925,
      -1311936.151076298,
      0.0,
      0.0,
      0.0,
      1.0,
      0.0,
      0.0,
      0.0,
      0.0,
      1.0
    ],
    "W2C": [
      0.9915701112954615,
      0.013274930065196752,
      -0.1288894511481458,
      -97519.92968973958,
      0.0011140539439145692,
      -0.9955745682930683,
      -0.0939682810946367,
      437924.8596817837,
      -0.12956648204422386,
      0.09303254914187156,
      -0.9871967744734831,
      1443618.6259806473,
      0.0,
      0.0,
      0.0,
      1.0
    ],
    "img_size": [
      2048,
      2048
    ]
  },
  "JAX_167_010_RGB.png": {
    "K": [
      3001302.338987674,
      159564.29592745556,
      -347872.7120989407,
      0.0,
      0.0,
      2756686.4591823625,
      1231966.2552445335,
      0.0,
      0.0,
      0.0,
      1.0,
      0.0,
      0.0,
      0.0,
      0.0,
      1.0
    ],
    "W2C": [
      0.9912222797636313,
      0.06311175613975145,
      0.11616926588881389,
      151508.04585694082,
      0.07331378878510889,
      -0.9936156961628994,
      -0.08574926654315632,
      -483290.7280776019,
      0.11001581919961255,
      0.09351339249366034,
      -0.9895209775190037,
      1082387.1762903812,
      0.0,
      0.0,
      0.0,
      1.0
    ],
    "img_size": [
      2048,
      2048
    ]
  },
  "JAX_167_014_RGB.png": {
    "K": [
      1209134.9886704155,
      1540.8484358474866,
      21777.876908107024,
      0.0,
      0.0,
      1205534.6970787852,
      -113851.47906876459,
      0.0,
      0.0,
      0.0,
      1.0,
      0.0,
      0.0,
      0.0,
      0.0,
      1.0
    ],
    "W2C": [
      0.9169725966344615,
      -0.0031914389299008694,
      0.3989374283506248,
      -6953.38110873506,
      0.06509062969557455,
      -0.9853721107654414,
      -0.15749607376532387,
      38201.1412189306,
      0.39360445493831336,
      0.17038667214079703,
      -0.9033514902901847,
      400852.2177324144,
      0.0,
      0.0,
      0.0,
      1.0
    ],
    "img_size": [
      2048,
      2048
    ]
  },
  "JAX_167_019_RGB.png": {
    "K": [
      5163781.369941152,
      23657.1946774006,
      343697.3051285461,
      0.0,
      0.0,
      5161048.185554602,
      -347210.02617511555,
      0.0,
      0.0,
      0.0,
      1.0,
      0.0,
      0.0,
      0.0,
      0.0,
      1.0
    ],
    "W2C": [
      0.9904317256647169,
      -0.004740771282210643,
      -0.13792215878697894,
      -108665.25590662194,
      -0.02444171933552032,
      -0.9896362366811626,
      -0.14150166572683828,
      109992.301234785,
      -0.13582193914362478,
      0.14351879366548476,
      -0.9802829982775738,
      1630104.228607293,
      0.0,
      0.0,
      0.0,
      1.0
    ],
    "img_size": [
      2048,
      2048
    ]
  },
  "JAX_167_005_RGB.png": {
    "K": [
      5376833.4004435185,
      28682.27395172663,
      414937.4536254191,
      0.0,
      0.0,
      5379517.7199064195,
      -383545.5753215675,
      0.0,
      0.0,
      0.0,
      1.0,
      0.0,
      0.0,
      0.0,
      0.0,
      1.0
    ],
    "W2C": [
      0.9765081179954838,
      -0.007957707468777993,
      -0.21533362575491946,
      -134358.90772524555,
      -0.046874250388937874,
      -0.9832318440388931,
      -0.17623264600621796,
      124176.71859800676,
      -0.21032047009122415,
      0.18218621177169014,
      -0.9605068891480621,
      1736958.0601660071,
      0.0,
      0.0,
      0.0,
      1.0
    ],
    "img_size": [
      2048,
      2048
    ]
  },
  "JAX_167_023_RGB.png": {
    "K": [
      3905652.6499067494,
      76297.50298293437,
      -281591.5755694698,
      0.0,
      0.0,
      3780547.423461392,
      1005025.6648095817,
      0.0,
      0.0,
      0.0,
      1.0,
      0.0,
      0.0,
      0.0,
      0.0,
      1.0
    ],
    "W2C": [
      0.9884767344424731,
      0.025304245585515053,
      -0.14924289135932917,
      98650.49052756713,
      0.014142279814048926,
      -0.9970543527338228,
      -0.07538311227456228,
      -337810.48349381797,
      -0.1507107872303961,
      0.07240381792340828,
      -0.9859228903735362,
      1272093.5435872276,
      0.0,
      0.0,
      0.0,
      1.0
    ],
    "img_size": [
      2048,
      2048
    ]
  },
  "JAX_167_018_RGB.png": {
    "K": [
      4973218.291753684,
      10829.325500574305,
      -128402.90794698062,
      0.0,
      0.0,
      4948702.162412486,
      432098.2047173751,
      0.0,
      0.0,
      0.0,
      1.0,
      0.0,
      0.0,
      0.0,
      0.0,
      1.0
    ],
    "W2C": [
      0.9972123741641059,
      0.0009030422758738977,
      0.07461008865183882,
      40375.51858199857,
      -0.002397194975046705,
      -0.9990228444751269,
      0.04413173090961437,
      -134188.45930492296,
      0.07457703581022025,
      -0.04418756308595197,
      -0.9962357778148137,
      1540492.2143234757,
      0.0,
      0.0,
      0.0,
      1.0
    ],
    "img_size": [
      2048,
      2048
    ]
  },
  "JAX_167_004_RGB.png": {
    "K": [
      4992666.920964241,
      30191.54045272995,
      -177713.57149852693,
      0.0,
      0.0,
      4926013.407940259,
      787701.4907297227,
      0.0,
      0.0,
      0.0,
      1.0,
      0.0,
      0.0,
      0.0,
      0.0,
      1.0
    ],
    "W2C": [
      0.9950490359132022,
      -8.455194889326386e-05,
      0.0993851547222964,
      57003.56938217151,
      -0.015191432739534688,
      -0.9883778072297259,
      0.15125650580083713,
      -247640.35572613706,
      0.09821729226326213,
      -0.1520174431659947,
      -0.9834856686671885,
      1550671.0034615053,
      0.0,
      0.0,
      0.0,
      1.0
    ],
    "img_size": [
      2048,
      2048
    ]
  },
  "JAX_167_002_RGB.png": {
    "K": [
      2185342.8639085535,
      -22258.38097711229,
      58602.75236085793,
      0.0,
      0.0,
      2086981.5526802517,
      637967.1532120376,
      0.0,
      0.0,
      0.0,
      1.0,
      0.0,
      0.0,
      0.0,
      0.0,
      1.0
    ],
    "W2C": [
      0.0037397497036994708,
      0.9837018192650376,
      -0.17976858748627114,
      -20298.731964667033,
      0.9803995178117382,
      0.031805335120231815,
      0.1944356092190964,
      -210431.05035556317,
      0.19698426268782257,
      -0.1769721770012032,
      -0.9643018452853802,
      689510.7729650069,
      0.0,
      0.0,
      0.0,
      1.0
    ],
    "img_size": [
      2048,
      2048
    ]
  },
  "JAX_167_001_RGB.png": {
    "K": [
      2087424.9640692554,
      -37266.92072306611,
      72615.47552955493,
      0.0,
      0.0,
      1910455.0256388357,
      835332.5113302621,
      0.0,
      0.0,
      0.0,
      1.0,
      0.0,
      0.0,
      0.0,
      0.0,
      1.0
    ],
    "W2C": [
      0.0056583555074681685,
      0.9568281513644609,
      -0.29059915995993435,
      -28670.117454568273,
      0.958277106126002,
      0.07786314238900106,
      0.2750314871648067,
      -297631.6590624866,
      0.2857848332010049,
      -0.2800307479791792,
      -0.9164659346088624,
      681553.9046606368,
      0.0,
      0.0,
      0.0,
      1.0
    ],
    "img_size": [
      2048,
      2048
    ]
  },
  "JAX_167_016_RGB.png": {
    "K": [
      4062065.5658944524,
      87657.57641376574,
      -203072.16376409977,
      0.0,
      0.0,
      3770397.8899878208,
      1513546.4046150108,
      0.0,
      0.0,
      0.0,
      1.0,
      0.0,
      0.0,
      0.0,
      0.0,
      1.0
    ],
    "W2C": [
      0.9855550625210738,
      0.014493695966478298,
      0.16873396669406454,
      78040.359580411,
      -0.0037028169418670724,
      -0.994248849276354,
      0.10703043893837143,
      -531586.4076147715,
      0.16931481886053984,
      -0.10610918193010785,
      -0.9798333193070876,
      1325174.758442947,
      0.0,
      0.0,
      0.0,
      1.0
    ],
    "img_size": [
      2048,
      2048
    ]
  },
  "JAX_167_026_RGB.png": {
    "K": [
      5541174.472584591,
      -125334.00819718611,
      283673.01494307205,
      0.0,
      0.0,
      5009737.142523841,
      2348905.8456717595,
      0.0,
      0.0,
      0.0,
      1.0,
      0.0,
      0.0,
      0.0,
      0.0,
      1.0
    ],
    "W2C": [
      0.8440087579634643,
      -0.0006772217780594975,
      0.5363289642109902,
      -118998.59986480512,
      -0.22021961733739642,
      -0.9122501148957365,
      0.34540273307037744,
      -905006.3013557987,
      0.4890322449703506,
      -0.4096330910014217,
      -0.770096223945995,
      1931040.7771068402,
      0.0,
      0.0,
      0.0,
      1.0
    ],
    "img_size": [
      2048,
      2048
    ]
  },
  "JAX_167_011_RGB.png": {
    "K": [
      4919433.040323029,
      -5379.008602713584,
      129943.44803436697,
      0.0,
      0.0,
      4910102.8844839735,
      250648.50057929364,
      0.0,
      0.0,
      0.0,
      1.0,
      0.0,
      0.0,
      0.0,
      0.0,
      1.0
    ],
    "W2C": [
      0.9994542611398416,
      -0.0018139512516366692,
      -0.03298316950006736,
      -40018.55304302989,
      -0.002635177760461803,
      -0.9996871719630173,
      -0.024871953094907407,
      -77468.03869825834,
      -0.032927734929452036,
      0.024945296018311598,
      -0.999146383909272,
      1523885.8162502379,
      0.0,
      0.0,
      0.0,
      1.0
    ],
    "img_size": [
      2048,
      2048
    ]
  },
  "JAX_167_025_RGB.png": {
    "K": [
      3802796.462611686,
      178936.0039527001,
      -421126.8787597785,
      0.0,
      0.0,
      3538716.444717253,
      1442061.598984089,
      0.0,
      0.0,
      0.0,
      1.0,
      0.0,
      0.0,
      0.0,
      0.0,
      1.0
    ],
    "W2C": [
      0.9944308099008488,
      0.039985792542886076,
      0.09751154144335558,
      164422.4493861356,
      0.03371964862595365,
      -0.997309957408629,
      0.06508328625800115,
      -514388.8588144365,
      0.09985163802604442,
      -0.06143277015010779,
      -0.9931040555426205,
      1263219.0437367356,
      0.0,
      0.0,
      0.0,
      1.0
    ],
    "img_size": [
      2048,
      2048
    ]
  },
  "JAX_167_013_RGB.png": {
    "K": [
      1331542.4192298222,
      512.6361399854998,
      9752.812513352661,
      0.0,
      0.0,
      1320186.4005915774,
      -165183.81396030902,
      0.0,
      0.0,
      0.0,
      1.0,
      0.0,
      0.0,
      0.0,
      0.0,
      1.0
    ],
    "W2C": [
      0.9986467631239181,
      -0.0030603450634229586,
      0.05191605522585116,
      -2866.863681172436,
      0.020982035417076703,
      -0.889705489329013,
      -0.4560525150106922,
      54610.500904546585,
      0.04758567738172258,
      0.45652467243941364,
      -0.8884372947834918,
      433612.1344558561,
      0.0,
      0.0,
      0.0,
      1.0
    ],
    "img_size": [
      2048,
      2048
    ]
  },
  "JAX_167_009_RGB.png": {
    "K": [
      3607770.2175401496,
      62608.179867408086,
      -146469.11968701356,
      0.0,
      0.0,
      3349980.0311727175,
      1319521.880566624,
      0.0,
      0.0,
      0.0,
      1.0,
      0.0,
      0.0,
      0.0,
      0.0,
      1.0
    ],
    "W2C": [
      0.9893553140940667,
      0.01617973198151905,
      0.1446176985947316,
      57599.846352122426,
      0.016218755522652388,
      -0.9998680539652824,
      0.0009091913852199515,
      -475216.77439806075,
      0.14461332733578483,
      0.0014460057692606764,
      -0.989487187700876,
      1207456.339372216,
      0.0,
      0.0,
      0.0,
      1.0
    ],
    "img_size": [
      2048,
      2048
    ]
  },
  "JAX_167_007_RGB.png": {
    "K": [
      4489634.990456322,
      52249.773795732115,
      -154852.77141807065,
      0.0,
      0.0,
      4297460.831044263,
      1291501.32977737,
      0.0,
      0.0,
      0.0,
      1.0,
      0.0,
      0.0,
      0.0,
      0.0,
      1.0
    ],
    "W2C": [
      0.9948363660720626,
      0.0062232771348898494,
      0.1013009159002798,
      54040.72173238575,
      -0.00555728054247656,
      -0.9932806918434925,
      0.11559664287462966,
      -424713.1423553773,
      0.1013396337742811,
      -0.11556270173639425,
      -0.9881171694661921,
      1414387.4737719763,
      0.0,
      0.0,
      0.0,
      1.0
    ],
    "img_size": [
      2048,
      2048
    ]
  },
  "JAX_167_022_RGB.png": {
    "K": [
      4765021.562911947,
      72260.38182875892,
      293515.2276554459,
      0.0,
      0.0,
      4608452.560368894,
      -1227531.8722095892,
      0.0,
      0.0,
      0.0,
      1.0,
      0.0,
      0.0,
      0.0,
      0.0,
      1.0
    ],
    "W2C": [
      0.993162409907192,
      0.00852634568663258,
      -0.11642907272915513,
      -98334.58982567996,
      -0.006816731197239283,
      -0.9913919687971677,
      -0.1307497471518004,
      400702.25680704974,
      -0.11654166518084183,
      0.1306493996683766,
      -0.9845551150865903,
      1503114.383030928,
      0.0,
      0.0,
      0.0,
      1.0
    ],
    "img_size": [
      2048,
      2048
    ]
  },
  "JAX_167_008_RGB.png": {
    "K": [
      1283013.5191458429,
      6499.423110069378,
      63169.52365997041,
      0.0,
      0.0,
      1274832.660185286,
      -144767.33651850602,
      0.0,
      0.0,
      0.0,
      1.0,
      0.0,
      0.0,
      0.0,
      0.0,
      1.0
    ],
    "W2C": [
      0.9795602903754339,
      -0.011554854853811296,
      0.2008186317274942,
      -20220.23334346676,
      0.06157492845104122,
      -0.9331982265369692,
      -0.35404745186839676,
      47167.14250278019,
      0.1914945579013794,
      0.35917621763914565,
      -0.9134124364035079,
      412340.5115697278,
      0.0,
      0.0,
      0.0,
      1.0
    ],
    "img_size": [
      2048,
      2048
    ]
  },
  "JAX_167_015_RGB.png": {
    "K": [
      5594515.670754529,
      147290.48238005268,
      312357.9956836258,
      0.0,
      0.0,
      5033372.351169504,
      -2467980.8465624177,
      0.0,
      0.0,
      0.0,
      1.0,
      0.0,
      0.0,
      0.0,
      0.0,
      1.0
    ],
    "W2C": [
      0.9179802099882138,
      0.003156510958360184,
      -0.3966136287478842,
      -131146.67505430916,
      -0.15896878541099752,
      -0.9132073227028561,
      -0.37520835681902676,
      938440.3865993,
      -0.3633748193462874,
      0.40748303302156225,
      -0.8378044631443553,
      1913131.7437029576,
      0.0,
      0.0,
      0.0,
      1.0
    ],
    "img_size": [
      2048,
      2048
    ]
  },
  "JAX_167_012_RGB.png": {
    "K": [
      4042282.8820579913,
      11573.476430057108,
      61981.57274841445,
      0.0,
      0.0,
      3915596.1999002886,
      -982487.9045264678,
      0.0,
      0.0,
      0.0,
      1.0,
      0.0,
      0.0,
      0.0,
      0.0,
      1.0
    ],
    "W2C": [
      0.9999366596724828,
      0.004488427168499878,
      -0.010321369317597948,
      -20597.715221022943,
      0.005102338705764293,
      -0.9981706476535402,
      0.06024387356938485,
      327489.4423451638,
      -0.010032087657553621,
      -0.06029272082486772,
      -0.9981303246734696,
      1303886.8547626454,
      0.0,
      0.0,
      0.0,
      1.0
    ],
    "img_size": [
      2048,
      2048
    ]
  }
}